4063364
4064784
4066152
4067465
4068812
4070086
4071465
4072770
4074483
4075894
4077214
4078511
4079774
4081125
4082506
4083790
4085592
4086958
4130711
4132258
1876
2255
2594
2907
3399
3838
4200
4623
4964
5282
6393
6752
7097
7523
29300
29698
30178
30655
31032
31503
32078
32553
32950
33369
34108
34539
35064
35586
36168
36851
37348
38121
100577
102000
103624
105082
105409
106429
107857
154065
155606
157268
158742
159189
4063364
4064784
4066152
4067465
4068812
4070086
4071465
4072770
4074483
4075894
4077214
4078511
4079774
4081125
4082506
4083790
4085592
4086958
4130711
4132258
1876
2255
2594
2907
3399
3838
4200
4623
4964
5282
6393
6752
7097
7523
29300
29698
30178
30655
31032
31503
32078
32553
32950
33369
34108
34539
35064
35586
36168
36851
37348
38121
100577
102000
103624
105082
105409
106429
107857
154065
155606
157268
158742
159189
159700
160156
161442
161537
163037
164462
165914
167240
168495
169776
334520
334525
334529
334565
334573
335896
335901
335906
335938
335945
337316
337321
337328
337366
337375
337882
338746
338751
338755
338789
338795
340029
340033
340038
340072
340079
341470
341475
341480
341511
341519
342846
342850
342855
342887
342894
344140
344145
344149
344182
344188
345419
345424
345429
345462
345468
346948
346952
346957
346997
347003
348492
348497
348502
348535
348541
349859
349863
349868
349900
349906
351162
351167
351172
351203
351209
352481
352486
352491
352525
352531
353797
353801
353806
353838
353845
355083
355088
355093
355126
355133
397824
397828
397833
397866
397873
399130
399134
399139
399172
399178
400473
400478
400482
400515
400521
401790
401794
401817
401835
401841
403251
403255
403260
403293
403300
405784
405979
406151
406156
406161
406203
406209
407466
407471
407476
407516
407522
411507
411512
411519
411556
411562
412900
412904
412910
412944
412950
414229
414234
414238
414275
414281
415706
415713
415717
415742
415748
417184
417188
417193
417229
417236
418624
418629
418633
418668
418674
463047
463051
463056
463074
463080
473950
473955
473959
473979
473985
475291
475296
475302
475321
475331
476664
476669
476674
476694
476701
480495
480515
480519
480546
480553
481894
481898
481903
481923
481929
483224
483244
483249
483274
483280
533985
533990
533994
534027
534033
539569
539574
539594
539623
539629
540834
540838
540843
540884
540890
544763
544767
544787
544818
544824
546131
546135
546140
546178
546184
550526
550530
550534
550559
550567
553050
553071
553077
553113
553121
602757
602761
602765
602781
602786
604070
604074
604079
604094
604099
605391
605410
605415
605430
605435
606750
606754
606759
606778
606784
608579
608583
608590
608607
608612
610040
610044
610049
610067
610073
619140
619144
619148
619164
619170
620412
620416
620421
620438
620443
621729
621733
621740
621754
621760
1935378
1949855
1963082
1963321
1974637
2183538
2248274
2249584
2250877
2252177
2253569
2255049
2256472
2257947
2259278
2260527
2261765
2263137
2264497
2265806
2267028
2268283
2269575
2270831
2312503
2312536
2312937
2313156
2313157
2314147
2315457
2316838
2318190
2319296
2319452
2320772
2322051
2325096
2325937
2325958
2326535
2327838
2329214
2330546
2331841
2333157
2333641
2334442
2376802
2378095
2379441
2380810
2382216
2383595
2384896
2386181
2387475
2388721
2390077
2391499
2392844
2394174
2441835
2443147
2444480
2445776
2450463
2451771
2453235
2454694
2455985
2457389
2458746
2460091
2461383
2462658
2463928
2465194
2466598
2468143
2469606
2470889
795310
795315
795319
795347
795413
802238
802242
802248
802269
802277
803709
803713
803718
803737
803744
805017
805022
805027
805046
805054
807657
807661
807667
807687
807693
808986
808990
808997
809020
809027
810443
810447
810452
810488
810495
812256
812260
812266
812290
812323
813630
813635
813750
813756
813763
813783
813789
815156
815160
815167
815189
815197
816542
816546
816553
816573
816580
817832
817836
817842
817861
817868
862299
862303
862308
862330
862357
863589
863593
863598
863622
863654
864933
864937
864942
864969
864997
866492
866496
866501
866519
866577
868234
868238
868245
868269
868323
869936
869955
869962
869987
870024
871409
871414
871419
871440
871469
872697
872718
872722
872741
872778
873994
874000
874004
874023
874029
875316
875336
875341
875362
875398
876670
876675
876680
876701
876734
879890
879895
879900
879920
879926
881243
881248
881255
881273
881305
882558
882562
882567
882590
882620
883991
883996
884001
884025
884059
885391
885411
885416
885437
885494
998966
998971
998975
998994
999499
1000742
1002340
1003901
1005249
1007852
1010699
1012113
1013411
1014863
1016352
1019034
1020320
1060800
356389
356907
357974
358470
359858
361329
362988
364734
366359
367869
369254
370689
372191
373667
373723
373752
375111
376433
377838
428012
429482
430863
432149
433457
434702
436002
437301
438546
439031
440526
442036
443480
444868
446172
2606402
2607776
2609095
2643501
2644863
2646289
2647763
2649233
2650674
2662170
2663486
2664857
2666129
2668722
2670020
2781591
2782881
2783376
2784174
2785447
2786867
2788543
2789912
2791418
2792780
2794788
2796272
2797708
2799055
2800363
2801699
2849136
2850621
2851990
2853234
2854485
2855784
2857062
2858333
2859669
2861134
2862439
2863775
2865078
2866357
2867632
2868874
2913284
2914700
2915996
2917280
2918639
2919909
2921185
2922533
2923790
2925086
2925916
2926339
2927575
2928884
2930139
2931395
829326
830601
831880
833170
840948
842441
844119
845590
846957
848340
850405
850624
851685
895215
896557
897327
899205
900492
901763
903096
904430
905910
907327
908875
911506
912786
914245
915564
916874
918316
962779
964085
965379
967132
968426
969691
971085
972467
973828
975126
976439
982111
983450
984981
1029450
1030825
1032133
1033354
1033360
1033636
1033969
1035039
1035135
1036368
1037662
1038966
1040223
1041519
1042885
1044225
1045544
1046823
1048077
1049353
1050645
1051977
1053307
1054557
1098105
1099425
1100758
1102021
1103405
1104744
1117586
1119215
1119326
1120816
1121756
1121825
3054698
3104216
3109598
3110913
3112216
3113510
3114767
3114864
3116203
3117532
3118812
3120123
3121469
3177187
3178519
3180129
3181541
3182938
3184260
3185595
3187070
3188455
3189819
3191147
3192475
3193731
3195066
3196417
3197806
3254364
3255654
3257033
3258505
3259833
3261130
3262412
3263659
3264949
3266246
3267590
3268963
3270427
3271850
3273270
3274863
3276257
3318396
3319765
3321306
3322713
3324023
3325342
3326732
3328278
3329669
3331164
3332492
3333881
3335210
3336490
3337770
3339205
3340659
3342215
3343690
3345085
3346437
3386122
3387639
3395445
3592107
3593365
3594751
3596568
3597865
3599268
3600637
3604766
3606058
3607478
3608789
3610104
3611493
3663664
3665166
3666627
3668060
3669375
3670712
3672114
3673585
3674930
3676274
3677653
3678993
3680293
3681601
3688675
3690053
3732560
3734584
3736081
3737642
3739022
3740373
3741689
3743018
3744430
3752678
3754037
3755418
3798275
3799590
3809311
3810617
3811879
3813165
3814518
3815801
3817233
3819882
3865201
3866461
3867744
3869050
3870291
3871614
3873008
3881588
3882926
3884257
3885574
3889774
3891059
1315522
1315529
1315539
1315616
1315621
1316301
1316317
1316321
1317793
1318049
1318060
1319365
1320294
1320960
1322471
1322934
1322935
1323971
1325055
1325244
1326196
1326567
1328054
1329494
1329877
1329949
1330068
1330073
1333495
1333514
1333519
1333538
1334959
1335348
1382469
1382474
1382493
1382508
1382514
1383757
1383762
1383767
1383800
1383806
1385078
1385084
1385092
1385129
1385136
1386493
1386497
1386502
1386532
1386538
1387865
1387869
1387874
1387904
1387910
1389202
1389206
1389211
1389248
1389254
1390063
1390062
1390150
1390158
1390447
1390467
1390716
1390720
1390726
1390761
1390768
1391562
1391567
1392112
1392116
1392121
1392151
1392158
1394692
1394697
1394701
1394736
1394742
1396149
1396153
1396158
1396190
1396196
1400255
1400259
1400263
1400294
1400300
1401561
1401565
1401569
1401609
1401615
1403345
1403349
1403354
1403393
1403399
1404822
1404826
1404831
1404862
1404868
1449953
858
7426
7431
7436
7469
7475
8699
8704
8708
8742
8748
9947
9952
9956
9988
9995
11248
11253
11257
11289
11295
12821
12825
12830
12861
12867
14276
14281
14286
14319
14325
15609
15614
15619
15649
15655
16903
16908
16913
16943
16949
18261
18266
18270
18305
18311
19722
19727
19732
19767
19773
21238
21243
21247
21283
21289
71450
71455
71461
71494
71500
72765
72769
72774
72794
72801
74023
74028
74033
74054
74062
77869
77873
77878
77894
77900
79111
79115
79135
79151
79158
80370
80391
80396
80412
80418
81648
81653
81657
81673
81679
82906
82910
82915
82930
82936
84160
84179
84184
84202
84208
85537
85542
85546
85563
85569
86808
86813
86817
86833
86839
88067
88078
88083
88101
88107
89409
89414
89418
89434
89440
128381
128385
128391
128421
128426
139572
139576
139597
139612
139618
140938
140943
140947
140959
140965
142551
142555
142575
142588
142594
144156
144161
144165
144182
144188
145489
145494
145499
145512
145518
146956
146975
146979
146996
147002
148410
148414
148419
148437
148443
149838
149842
149847
149861
149867
153183
153914
153918
153922
153953
153959
