1675668900
1675670700
1675672503
1675674302
1675676101
1675677901
1675679702
1675681501
1675683301
1675685102
1675686902
1675688702
1675690501
1675692301
1675694102
1675695902
1675697702
1675699502
1675757102
1675758865
1675760702
1675762502
1675764302
1675766102
1675767902
1675769702
1675771501
1675773301
1675775102
1675776902
1675780501
1675782302
1675784102
1675785902
1675841701
1675843501
1675845302
1675847102
1675848902
1675850702
1675852502
1675854301
1675856102
1675857901
1675859702
1675861502
1675863302
1675865101
1675866902
1675868702
1675870502
1675873725
1675947901
1675949701
1675951502
1675953301
1675953668
1675955102
1675956901
1676016301
1676018102
1676019901
1676021702
1676022276
1675668900
1675670700
1675672503
1675674302
1675676101
1675677901
1675679702
1675681501
1675683301
1675685102
1675686902
1675688702
1675690501
1675692301
1675694102
1675695902
1675697702
1675699502
1675757102
1675758865
1675760702
1675762502
1675764302
1675766102
1675767902
1675769702
1675771501
1675773301
1675775102
1675776902
1675780501
1675782302
1675784102
1675785902
1675841701
1675843501
1675845302
1675847102
1675848902
1675850702
1675852502
1675854301
1675856102
1675857901
1675859702
1675861502
1675863302
1675865101
1675866902
1675868702
1675870502
1675873725
1675947901
1675949701
1675951502
1675953301
1675953668
1675955102
1675956901
1676016301
1676018102
1676019901
1676021702
1676022276
1676022873
1676023501
1676025251
1676025301
1676027101
1676028901
1676030701
1676032502
1676034301
1676036102
1678089898
1678089898
1678089900
1678089919
1678089921
1678091697
1678091698
1678091700
1678091718
1678091721
1678093498
1678093499
1678093500
1678093519
1678093521
1678094083
1678095298
1678095298
1678095300
1678095319
1678095321
1678097097
1678097098
1678097100
1678097118
1678097121
1678098898
1678098898
1678098900
1678098919
1678098922
1678100697
1678100698
1678100699
1678100718
1678100720
1678102497
1678102498
1678102500
1678102518
1678102521
1678104298
1678104298
1678104300
1678104320
1678104322
1678106098
1678106099
1678106100
1678106119
1678106121
1678107898
1678107898
1678107900
1678107920
1678107922
1678109698
1678109699
1678109700
1678109721
1678109724
1678111498
1678111499
1678111500
1678111519
1678111522
1678113298
1678113299
1678113300
1678113321
1678113323
1678115097
1678115098
1678115100
1678115120
1678115122
1678116898
1678116899
1678116900
1678116920
1678116922
1678172697
1678172697
1678172700
1678172720
1678172722
1678174497
1678174498
1678174499
1678174520
1678174522
1678176298
1678176298
1678176300
1678176321
1678176323
1678178097
1678178098
1678178104
1678178124
1678178126
1678179897
1678179898
1678179899
1678179920
1678179923
1678183009
1678183237
1678183498
1678183500
1678183501
1678183527
1678183529
1678185297
1678185299
1678185301
1678185331
1678185333
1678190697
1678190698
1678190699
1678190727
1678190729
1678192496
1678192497
1678192499
1678192520
1678192522
1678194298
1678194299
1678194300
1678194323
1678194325
1678196138
1678196139
1678196140
1678196161
1678196163
1678197897
1678197898
1678197899
1678197923
1678197925
1678199697
1678199698
1678199700
1678199721
1678199724
1678259121
1678259121
1678259122
1678259143
1678259145
1678273502
1678273503
1678273504
1678273527
1678273529
1678275302
1678275303
1678275304
1678275326
1678275328
1678277102
1678277103
1678277104
1678277126
1678277128
1678282501
1678282502
1678282503
1678282529
1678282532
1678284303
1678284304
1678284305
1678284329
1678284331
1678286101
1678286103
1678286104
1678286136
1678286139
1678345543
1678345544
1678345545
1678345570
1678345572
1678352700
1678352701
1678352702
1678352727
1678352729
1678354499
1678354500
1678354501
1678354523
1678354525
1678359899
1678359900
1678359902
1678359924
1678359927
1678361699
1678361699
1678361701
1678361724
1678361726
1678367174
1678367175
1678367176
1678367201
1678367203
1678370702
1678370703
1678370705
1678370749
1678370752
1678435503
1678435503
1678435504
1678435518
1678435519
1678437301
1678437302
1678437302
1678437316
1678437317
1678439101
1678439101
1678439102
1678439116
1678439117
1678440901
1678440902
1678440902
1678440916
1678440917
1678442701
1678442701
1678442702
1678442716
1678442717
1678444501
1678444502
1678444502
1678444516
1678444518
1678457102
1678457102
1678457103
1678457117
1678457119
1678458901
1678458901
1678458902
1678458916
1678458917
1678460701
1678460701
1678460702
1678460716
1678460717
1673192100
1673193900
1673195701
1673195943
1673197502
1673248335
1673336101
1673337900
1673339701
1673341501
1673343302
1673345101
1673346902
1673348702
1673350502
1673352302
1673354102
1673355901
1673357701
1673359502
1673361301
1673363101
1673364901
1673366702
1673422491
1673422501
1673422971
1673423280
1673423280
1673424301
1673426101
1673427901
1673429701
1673431265
1673431501
1673433302
1673435102
1673438702
1673439712
1673439730
1673440503
1673442302
1673444101
1673445902
1673447702
1673449502
1673450115
1673451301
1673507101
1673508902
1673510702
1673512502
1673514302
1673516101
1673517901
1673519701
1673521502
1673523301
1673525102
1673526901
1673528702
1673530501
1673589905
1673591705
1673593505
1673595301
1673600701
1673602501
1673604301
1673606101
1673607902
1673609701
1673611501
1673613301
1673615102
1673616902
1673618702
1673620502
1673622301
1673624102
1673625901
1673627701
1678692902
1678692902
1678692904
1678692932
1678693014
1678701903
1678701904
1678701905
1678701927
1678701929
1678703703
1678703704
1678703706
1678703727
1678703729
1678705503
1678705504
1678705506
1678705527
1678705529
1678709103
1678709104
1678709105
1678709126
1678709128
1678710903
1678710904
1678710906
1678710928
1678710930
1678712703
1678712704
1678712705
1678712728
1678712731
1678714503
1678714504
1678714505
1678714527
1678714568
1678716173
1678716174
1678716303
1678716304
1678716305
1678716326
1678716329
1678718103
1678718104
1678718105
1678718128
1678718131
1678719903
1678719904
1678719906
1678719928
1678719930
1678721703
1678721704
1678721705
1678721727
1678721729
1678779304
1678779305
1678779306
1678779330
1678779371
1678781105
1678781106
1678781107
1678781131
1678781171
1678782904
1678782906
1678782908
1678782932
1678782972
1678784701
1678784702
1678784704
1678784725
1678784766
1678786502
1678786503
1678786504
1678786526
1678786566
1678788301
1678788302
1678788304
1678788325
1678788366
1678790102
1678790103
1678790104
1678790126
1678790166
1678791901
1678791902
1678791904
1678791925
1678791965
1678793701
1678793703
1678793704
1678793725
1678793727
1678795501
1678795502
1678795504
1678795525
1678795565
1678797302
1678797303
1678797304
1678797326
1678797367
1678800903
1678800904
1678800905
1678800926
1678800928
1678802702
1678802703
1678802704
1678802726
1678802767
1678804502
1678804503
1678804504
1678804528
1678804569
1678806302
1678806303
1678806304
1678806326
1678806366
1678808102
1678808102
1678808104
1678808127
1678808183
1678952104
1678952105
1678952106
1678952130
1678952743
1678953901
1678955702
1678957502
1678959301
1678962901
1678966502
1678968301
1678970101
1678971901
1678973702
1678977301
1678979102
1679032320
1676274890
1676275501
1676276693
1676277302
1676279102
1676280901
1676282701
1676284502
1676286302
1676288101
1676289901
1676291701
1676293501
1676295302
1676295339
1676295361
1676297102
1676298902
1676300702
1676365501
1676367301
1676369102
1676370901
1676372701
1676374502
1676376301
1676378102
1676379249
1676379901
1676381701
1676383502
1676385301
1676387102
1676388902
1673805904
1673807704
1673809504
1673854499
1673856300
1673858159
1673859900
1673861699
1673863565
1673877900
1673879702
1673881502
1673883301
1673886902
1673888701
1674032703
1674034502
1674035136
1674036303
1674038103
1674039903
1674041703
1674043503
1674045304
1674047102
1674048903
1674050703
1674052503
1674054302
1674056103
1674057903
1674115503
1674117302
1674119102
1674120902
1674122701
1674124502
1674126302
1674128101
1674129902
1674131702
1674133501
1674135302
1674137101
1674138901
1674140702
1674142501
1674201903
1674203703
1674205501
1674207301
1674209101
1674210901
1674212701
1674214502
1674216301
1674218101
1674219280
1674219902
1674221701
1674223501
1674225301
1674227101
1676878503
1676880303
1676882103
1676883902
1676894701
1676896501
1676898302
1676900102
1676901902
1676903702
1676905894
1676906147
1676907493
1676963101
1676964901
1676965890
1676968500
1676970300
1676972100
1676973900
1676975701
1676977500
1676979301
1676981101
1676984701
1676986500
1676988301
1676990101
1676991901
1676993701
1677051300
1677053100
1677054901
1677056702
1677058501
1677060302
1677062102
1677063902
1677065702
1677067502
1677069302
1677076502
1677078302
1677080101
1677137703
1677139501
1677141301
1677142796
1677142800
1677143101
1677143472
1677144902
1677145043
1677146701
1677148501
1677150302
1677152101
1677153901
1677155701
1677157502
1677159301
1677161101
1677162902
1677164702
1677166501
1677168302
1677170101
1677171901
1677225902
1677227701
1677229501
1677231301
1677233101
1677234902
1677251100
1677252901
1677252995
1677254700
1677255570
1677255627
1674398117
1674462901
1674470101
1674471901
1674473701
1674475501
1674477154
1674477302
1674479101
1674480902
1674482701
1674484501
1674486302
1674545701
1674547501
1674549301
1674551101
1674552901
1674554702
1674556501
1674558302
1674560102
1674561902
1674563701
1674565503
1674567301
1674569102
1674570902
1674572702
1674632107
1674633901
1674635701
1674637502
1674639301
1674641102
1674642902
1674644702
1674646501
1674648301
1674650101
1674651902
1674653702
1674655502
1674657301
1674659102
1674660902
1674716700
1674718501
1674720300
1674722101
1674723902
1674725702
1674727501
1674729301
1674731101
1674732902
1674734701
1674736502
1674738301
1674740102
1674741902
1674743702
1674745502
1674747301
1674749102
1674750907
1674752706
1674804900
1674806701
1674815700
1675064103
1675065901
1675067702
1675069502
1675071302
1675073102
1675074902
1675080301
1675082102
1675083902
1675085702
1675087502
1675089302
1675148701
1675150502
1675152302
1675154102
1675155902
1675157702
1675159502
1675161301
1675163101
1675164902
1675166702
1675168502
1675170302
1675172103
1675181103
1675182901
1675238701
1675240502
1675242301
1675244102
1675245902
1675247702
1675249502
1675251302
1675253103
1675263902
1675265702
1675267502
1675321503
1675323301
1675335902
1675337703
1675339501
1675341301
1675343156
1675344901
1675346702
1675350313
1675409703
1675411501
1675413301
1675415101
1675416901
1675418701
1675420501
1675431301
1675433101
1675434902
1675436701
1675442102
1675443901
1677482353
1677482358
1677482369
1677482427
1677482428
1677483301
1677483302
1677483303
1677485102
1677485367
1677485380
1677486902
1677487924
1677488702
1677490502
1677491015
1677491015
1677492302
1677493827
1677494103
1677495428
1677495902
1677497702
1677499502
1677499952
1677500034
1677500145
1677500147
1677504901
1677504902
1677504903
1677504923
1677506701
1677507142
1677569700
1677569701
1677569702
1677569717
1677569719
1677571499
1677571500
1677571502
1677571515
1677571517
1677573299
1677573299
1677573301
1677573315
1677573317
1677575099
1677575100
1677575101
1677575117
1677575119
1677576898
1677576899
1677576900
1677576916
1677576918
1677578698
1677578699
1677578700
1677578715
1677578718
1677579736
1677579736
1677579863
1677579870
1677580119
1677580146
1677580498
1677580499
1677580500
1677580523
1677580525
1677581539
1677581540
1677582299
1677582299
1677582301
1677582318
1677582320
1677585898
1677585898
1677585900
1677585914
1677585916
1677587697
1677587698
1677587699
1677587713
1677587715
1677593096
1677593097
1677593098
1677593112
1677593114
1677594896
1677594897
1677594898
1677594925
1677594927
1677596696
1677596697
1677596698
1677596715
1677596717
1677598496
1677598497
1677598498
1677598514
1677598517
1677654940
1677655085
1677663295
1677663296
1677663298
1677663316
1677663318
1677665096
1677665096
1677665098
1677665114
1677665116
1677666896
1677666896
1677666898
1677666913
1677666916
1677668696
1677668696
1677668697
1677668714
1677668716
1677670495
1677670496
1677670497
1677670514
1677670516
1677672296
1677672296
1677672297
1677672313
1677672315
1677674096
1677674097
1677674099
1677674115
1677674117
1677675896
1677675897
1677675899
1677675915
1677675917
1677677696
1677677696
1677677697
1677677714
1677677716
1677679495
1677679496
1677679497
1677679513
1677679515
1677681296
1677681297
1677681298
1677681314
1677681316
1677746096
1677746097
1677746099
1677746120
1677746123
1677747902
1677747904
1677747905
1677747927
1677747929
1677749703
1677749705
1677749707
1677749736
1677749739
1677755102
1677755103
1677755105
1677755122
1677755125
1677756901
1677756902
1677756903
1677756919
1677756921
1677758701
1677758702
1677758703
1677758720
1677758722
1677760502
1677760502
1677760503
1677760520
1677760523
1677762303
1677762304
1677762305
1677762321
1677762323
1677764101
1677764102
1677764103
1677764121
1677764123
1677765902
1677765902
1677765903
1677765922
1677765923
1677767702
1677767702
1677767704
1677767722
1677767724
1677769501
1677769502
1677769503
1677769521
1677769523
1677771302
1677771302
1677771303
1677771322
1677771324
1677823500
1677823500
1677823501
1677823516
1677823518
1677837901
1677837901
1677837902
1677837915
1677837917
1677839702
1677839702
1677839702
1677839715
1677839716
1677841501
1677841501
1677841502
1677841515
1677841516
1677843302
1677843302
1677843302
1677843315
1677843316
1677845102
1677845102
1677845102
1677845115
1677845116
1677846901
1677846901
1677846901
1677846913
1677846914
1677848701
1677848701
1677848702
1677848714
1677848716
1677850501
1677850502
1677850502
1677850515
1677850516
1677855034
1677855900
1677855901
1677855901
1677855915
1677855916
